[gd_scene format=3 uid="uid://5sgn26iq0isp"]

[ext_resource type="PackedScene" uid="uid://c8ixllqekvjlv" path="res://scenes/Dummy/dummy_player.tscn" id="1_5ov5x"]
[ext_resource type="PackedScene" uid="uid://b68yt1a7nfwif" path="res://scenes/assets_with_collision/BarrelSpil.tscn" id="2_dp8d5"]
[ext_resource type="PackedScene" uid="uid://dtbr0nh5y2xmi" path="res://scenes/assets_with_collision/Barrel.tscn" id="3_63y18"]
[ext_resource type="PackedScene" uid="uid://dgtwrgqowsjyp" path="res://scenes/assets_with_collision/crate.tscn" id="4_aci0v"]
[ext_resource type="PackedScene" uid="uid://bdh47gk4blvpg" path="res://scenes/assets_with_collision/ShippingContainer.tscn" id="5_7ch43"]
[ext_resource type="PackedScene" uid="uid://b6me0ikt7dm81" path="res://scenes/assets_with_collision/fence_end.tscn" id="6_aci0v"]
[ext_resource type="PackedScene" uid="uid://carrur17r25c4" path="res://scenes/assets_with_collision/fence_piece.tscn" id="7_7ch43"]
[ext_resource type="PackedScene" uid="uid://cajk0rkkips7j" path="res://scenes/assets_with_collision/building_red.tscn" id="8_7ch43"]
[ext_resource type="PackedScene" uid="uid://bbdhm64437mnf" path="res://scenes/assets_with_collision/roof_flat_center.tscn" id="9_2e0pb"]
[ext_resource type="PackedScene" uid="uid://ds2m8y7jwbfhd" path="res://scenes/assets_with_collision/floor_tile.tscn" id="10_157fu"]

[sub_resource type="ProceduralSkyMaterial" id="ProceduralSkyMaterial_6ym5l"]
sky_horizon_color = Color(0.66224277, 0.6717428, 0.6867428, 1)
ground_horizon_color = Color(0.66224277, 0.6717428, 0.6867428, 1)

[sub_resource type="Sky" id="Sky_5ov5x"]
sky_material = SubResource("ProceduralSkyMaterial_6ym5l")

[sub_resource type="Environment" id="Environment_6v27d"]
background_mode = 2
sky = SubResource("Sky_5ov5x")
tonemap_mode = 2
glow_enabled = true

[node name="Node3D" type="Node3D" unique_id=434062710]

[node name="CSGCombiner3D" type="CSGCombiner3D" parent="." unique_id=499762013]
use_collision = true

[node name="CSGBox3D" type="CSGBox3D" parent="CSGCombiner3D" unique_id=186955845]
transform = Transform3D(1, 0, 0, 0, 1, 0, 0, 0, 1, 0, -0.2043457, 0)
size = Vector3(10.397461, 0.00390625, 8.349609)

[node name="CSGBox3D2" type="CSGBox3D" parent="CSGCombiner3D" unique_id=338709765]
transform = Transform3D(0.020802781, 0.9997836, 0, -0.9997836, 0.020802781, 0, 0, 0, 1, 5.083647, 3.552949, 0)
size = Vector3(7.689453, 0.00390625, 8.349609)

[node name="CSGBox3D3" type="CSGBox3D" parent="CSGCombiner3D" unique_id=1173943850]
transform = Transform3D(0.033207465, 0.9994485, 0, -0.9994485, 0.033207465, 0, 0, 0, 1, -5.301133, 3.552949, -0.12231445)
size = Vector3(7.689453, 0.00390625, 8.594238)

[node name="CSGBox3D4" type="CSGBox3D" parent="CSGCombiner3D" unique_id=47623509]
transform = Transform3D(-0.0009857198, -0.029667312, -0.99955934, -0.9994485, 0.033207465, 0, 0.033192832, 0.99900806, -0.029683683, -0.14452377, 1.0976999, -4.006066)
visible = false
size = Vector3(2.776245, 0.00390625, 10.560547)

[node name="CSGBox3D5" type="CSGBox3D" parent="CSGCombiner3D" unique_id=1852259650]
transform = Transform3D(-0.0009857197, -0.02966731, -0.99955934, -0.999998, -0.0017648675, 0.0010385342, -0.0017949007, 0.99955827, -0.029665511, -0.14210224, 3.552949, 4.1717587)
size = Vector3(7.689453, 0.00390625, 10.560547)

[node name="CSGBox3D6" type="CSGBox3D" parent="CSGCombiner3D" unique_id=268289154]
transform = Transform3D(1, 0, 0, 0, 1, 0, 0, 0, 1, 0, 2.3898194, 4.468537)
operation = 2
size = Vector3(2.4003906, 5.084717, 2.144287)

[node name="obstacles" type="Node" parent="." unique_id=810266968]

[node name="BarrelSpil" parent="obstacles" unique_id=698688371 instance=ExtResource("2_dp8d5")]
transform = Transform3D(1, 0, 0, 0, 1, 0, 0, 0, 1, 1.8693464, -0.22516894, 1.7412536)

[node name="Barrel" parent="obstacles" unique_id=567476980 instance=ExtResource("3_63y18")]
transform = Transform3D(0.9999328, -0.0071315407, -0.009138322, 0.0071516098, 0.9999721, 0.0021648316, 0.009122624, -0.0022300563, 0.9999559, -3.6352396, -0.17014146, 2.469376)

[node name="crate" parent="obstacles" unique_id=171462718 instance=ExtResource("4_aci0v")]
transform = Transform3D(1, 0, 0, 0, 1, 0, 0, 0, 1, -3.970728, -0.16855016, -2.904426)

[node name="ShippingContainer" parent="obstacles" unique_id=1733980717 instance=ExtResource("5_7ch43")]
transform = Transform3D(1, 0, 0, 0, 1, 0, 0, 0, 1, 0.02049756, 0.3782652, -1.8333397)

[node name="Camera3D" type="Camera3D" parent="." unique_id=1888673939]
transform = Transform3D(1, 0, 0, 0, 0.7259508, 0.68774664, 0, -0.68774664, 0.7259508, -0.31724167, 11.341792, 4.8089848)
visible = false

[node name="DirectionalLight3D" type="DirectionalLight3D" parent="." unique_id=1422268824]
transform = Transform3D(-0.8660253, -0.43301272, 0.24999996, 0.31343108, -0.080581665, 0.9461857, -0.38956505, 0.8977785, 0.20550543, 6.7838, 13.631922, 0)
shadow_enabled = true

[node name="WorldEnvironment" type="WorldEnvironment" parent="." unique_id=979662245]
environment = SubResource("Environment_6v27d")

[node name="DummyPlayer" parent="." unique_id=1601139084 instance=ExtResource("1_5ov5x")]
transform = Transform3D(0.7, 0, 0, 0, 0.7, 0, 0, 0, 0.7, 0, 0.36025155, 3.7967257)

[node name="walls" type="Node" parent="." unique_id=2135212555]

[node name="FenceEnd" parent="walls" unique_id=67229396 instance=ExtResource("6_aci0v")]
transform = Transform3D(1, 0, 0, 0, 1, 0, 0, 0, 1, -3.4673536, -0.17114615, -4.0792236)

[node name="FenceEnd2" parent="walls" unique_id=1204667375 instance=ExtResource("6_aci0v")]
transform = Transform3D(1, 0, 0, 0, 1, 0, 0, 0, 1, -2.3578348, -0.163939, -4.0448027)

[node name="FencePiece" parent="walls" unique_id=1523798319 instance=ExtResource("7_7ch43")]
transform = Transform3D(1, 0, 0, 0, 1, 0, 0, 0, 1, -4.500861, -0.17262208, -4.099674)

[node name="FenceEnd3" parent="walls" unique_id=2127420332 instance=ExtResource("6_aci0v")]
transform = Transform3D(1, 0, 0, 0, 1, 0, 0, 0, 1, -1.3006344, -0.17114615, -4.0792236)

[node name="FenceEnd4" parent="walls" unique_id=757432523 instance=ExtResource("6_aci0v")]
transform = Transform3D(1, 0, 0, 0, 1, 0, 0, 0, 1, -0.19111562, -0.163939, -4.0448027)

[node name="FenceEnd5" parent="walls" unique_id=1707303213 instance=ExtResource("6_aci0v")]
transform = Transform3D(1, 0, 0, 0, 1, 0, 0, 0, 1, 0.8792398, -0.17114615, -4.0792236)

[node name="FenceEnd6" parent="walls" unique_id=348137064 instance=ExtResource("6_aci0v")]
transform = Transform3D(1, 0, 0, 0, 1, 0, 0, 0, 1, 1.9887586, -0.163939, -4.0448027)

[node name="FenceEnd7" parent="walls" unique_id=1381858842 instance=ExtResource("6_aci0v")]
transform = Transform3D(1, 0, 0, 0, 1, 0, 0, 0, 1, 3.0304723, -0.17114615, -4.0792236)

[node name="FenceEnd8" parent="walls" unique_id=436334343 instance=ExtResource("6_aci0v")]
transform = Transform3D(1, 0, 0, 0, 1, 0, 0, 0, 1, 4.139991, -0.163939, -4.0448027)

[node name="FencePiece2" parent="walls" unique_id=1272664090 instance=ExtResource("7_7ch43")]
transform = Transform3D(-4.371139e-08, 0, -1, 0, 1, 0, 1, 0, -4.371139e-08, 4.716953, -0.18011796, -3.5251553)

[node name="BuildingRed" parent="walls" unique_id=1185223188 instance=ExtResource("8_7ch43")]
transform = Transform3D(-0.084269166, 0, -0.99644303, 0, 1, 0, 0.99644303, 0, -0.084269166, 4.152258, 0, -1.8697822)

[node name="floors" type="Node" parent="." unique_id=1094526573]

[node name="RoofFlatCenter" parent="floors" unique_id=1037786871 instance=ExtResource("9_2e0pb")]
transform = Transform3D(1, 0, 0, 0, 1, 0, 0, 0, 1, 3.8993914, -0.29551643, -3.1504965)

[node name="RoofFlatCenter2" parent="floors" unique_id=1971102094 instance=ExtResource("9_2e0pb")]
transform = Transform3D(1, 0, 0, 0, 1, 0, 0, 0, 1, 1.9204571, -0.29551643, -3.1504965)

[node name="RoofFlatCenter3" parent="floors" unique_id=595145514 instance=ExtResource("9_2e0pb")]
transform = Transform3D(1, 0, 0, 0, 1, 0, 0, 0, 1, -0.046521187, -0.29551643, -3.1504965)

[node name="RoofFlatCenter4" parent="floors" unique_id=1092740463 instance=ExtResource("9_2e0pb")]
transform = Transform3D(1, 0, 0, 0, 1, 0, 0, 0, 1, -2.03815, -0.28465694, -3.1504965)

[node name="RoofFlatCenter5" parent="floors" unique_id=755238166 instance=ExtResource("9_2e0pb")]
transform = Transform3D(1, 0, 0, 0, 1, 0, 0, 0, 1, -4.0202847, -0.28465694, -3.1504965)

[node name="FloorTile" parent="floors" unique_id=269524862 instance=ExtResource("10_157fu")]
transform = Transform3D(1, 0, 0, 0, 1, 0, 0, 0, 1, 3.9944816, -0.28645265, 3)

[node name="FloorTile2" parent="floors" unique_id=20372639 instance=ExtResource("10_157fu")]
transform = Transform3D(1, 0, 0, 0, 1, 0, 0, 0, 1, 2.0250487, -0.28645265, 3)

[node name="FloorTile3" parent="floors" unique_id=294590220 instance=ExtResource("10_157fu")]
transform = Transform3D(1, 0, 0, 0, 1, 0, 0, 0, 1, 0.015481949, -0.28645265, 3)

[node name="FloorTile4" parent="floors" unique_id=1355193177 instance=ExtResource("10_157fu")]
transform = Transform3D(1, 0, 0, 0, 1, 0, 0, 0, 1, -1.9539509, -0.28645265, 3)

[node name="FloorTile5" parent="floors" unique_id=1722126446 instance=ExtResource("10_157fu")]
transform = Transform3D(1, 0, 0, 0, 1, 0, 0, 0, 1, -3.9387972, -0.28645265, 3)
