[gd_scene format=3 uid="uid://cl8efly6bnuxi"]

[ext_resource type="PackedScene" uid="uid://ds2m8y7jwbfhd" path="res://scenes/assets_with_collision/floor_tile.tscn" id="1_yqcq3"]
[ext_resource type="PackedScene" uid="uid://cuynwls3xkrxt" path="res://scenes/Player/player.tscn" id="2_w7hem"]
[ext_resource type="PackedScene" uid="uid://bmrmsgeicwvv8" path="res://scenes/assets_with_collision/black_fence.tscn" id="3_w7hem"]

[sub_resource type="ProceduralSkyMaterial" id="ProceduralSkyMaterial_yqcq3"]
sky_horizon_color = Color(0.66224277, 0.6717428, 0.6867428, 1)
ground_horizon_color = Color(0.66224277, 0.6717428, 0.6867428, 1)

[sub_resource type="Sky" id="Sky_w7hem"]
sky_material = SubResource("ProceduralSkyMaterial_yqcq3")

[sub_resource type="Environment" id="Environment_jb7pv"]
background_mode = 2
sky = SubResource("Sky_w7hem")
tonemap_mode = 2
glow_enabled = true

[sub_resource type="StandardMaterial3D" id="StandardMaterial3D_jb7pv"]
albedo_color = Color(1, 0.4627451, 1, 1)

[sub_resource type="CapsuleMesh" id="CapsuleMesh_lesfc"]
radius = 14.454
height = 87.046

[node name="model_level_2" type="Node3D" unique_id=7759660]

[node name="DirectionalLight3D" type="DirectionalLight3D" parent="." unique_id=1321578851]
transform = Transform3D(-0.8660254, -0.43301278, 0.25, 0, 0.49999997, 0.86602545, -0.50000006, 0.75, -0.43301266, 0, 0, 0)
shadow_enabled = true

[node name="WorldEnvironment" type="WorldEnvironment" parent="." unique_id=308335122]
environment = SubResource("Environment_jb7pv")

[node name="boundaries" type="CSGCombiner3D" parent="." unique_id=1944622934]

[node name="floor" type="CSGBox3D" parent="boundaries" unique_id=1746699916]
visible = false
size = Vector3(1000, 1, 1000)
material = SubResource("StandardMaterial3D_jb7pv")

[node name="w6" type="CSGBox3D" parent="boundaries" unique_id=767496711]
transform = Transform3D(-0.00022811953, 0.0023569667, 0.99999696, 0.99999464, 0.0032969085, 0.00022034814, -0.0032963778, 0.9999921, -0.0023577118, 0.8443004, 67.41468, 480.4903)
visible = false
use_collision = true
collision_mask = 2
size = Vector3(138.62877, 1, 1003.922)

[node name="w7" type="CSGBox3D" parent="boundaries" unique_id=1797692742]
transform = Transform3D(-0.00022040955, 1.8239954e-05, 0.99999976, 0.99999464, 0.0032969085, 0.00022034816, -0.0032969022, 0.99999475, -1.8972902e-05, 0.102409124, 68.54675, -487.59064)
use_collision = true
collision_mask = 2
size = Vector3(137.846, 1, 1000)

[node name="w8" type="CSGBox3D" parent="boundaries" unique_id=874136580]
transform = Transform3D(0.0032969022, -0.99999475, 1.892919e-05, 0.99999464, 0.0032969085, 0.00022034814, -0.00022040916, 1.8196246e-05, 0.9999999, -475.66125, 68.547325, 0.9016111)
use_collision = true
collision_mask = 2
size = Vector3(137.846, 1, 1005.2169)

[node name="w9" type="CSGBox3D" parent="boundaries" unique_id=2117875232]
transform = Transform3D(0.0032969022, -0.99999475, 1.892919e-05, 0.99999464, 0.0032969085, 0.00022034814, -0.00022040916, 1.8196246e-05, 0.9999999, 432.36002, 68.547035, -1.0026857)
visible = false
use_collision = true
collision_mask = 2
size = Vector3(137.846, 1, 1002.58496)

[node name="inner walls" type="CSGCombiner3D" parent="." unique_id=1992876961]

[node name="w11" type="CSGBox3D" parent="inner walls" unique_id=659127961]
transform = Transform3D(0.0001761413, 0.013402849, -0.99991024, 0.99999464, 0.0032969085, 0.0002203481, 0.0032995632, -0.9999048, -0.013402257, -131.89267, 68.537766, -3.0144603)
use_collision = true
collision_mask = 2
size = Vector3(137.84589, 1, 205.63614)

[node name="w15" type="CSGBox3D" parent="inner walls" unique_id=175536485]
transform = Transform3D(0.0001761413, 0.013402849, -0.99991024, 0.99999464, 0.0032969085, 0.0002203481, 0.0032995632, -0.9999048, -0.013402257, 74.665344, 68.537766, 99.72656)
use_collision = true
collision_mask = 2
size = Vector3(137.84589, 1, 205.63614)

[node name="w12" type="CSGBox3D" parent="inner walls" unique_id=244079242]
transform = Transform3D(0.0032983155, -0.99997205, -0.0067354105, 0.9999945, 0.0032969078, 0.00022034814, -0.00019813597, -0.0067360923, 0.99997723, -233.44801, 68.554985, -65.65311)
use_collision = true
collision_mask = 2
size = Vector3(137.84589, 1, 125.204796)

[node name="w13" type="CSGBox3D" parent="inner walls" unique_id=727450561]
transform = Transform3D(0.0032969173, -0.99999464, -5.0935894e-05, 0.99999464, 0.0032969085, 0.0002203481, -0.00022017924, -5.160086e-05, 1.0000001, -28.321754, 68.53807, 99.560165)
use_collision = true
collision_mask = 2
size = Vector3(137.84589, 1, 202.90474)

[node name="w21" type="CSGBox3D" parent="inner walls" unique_id=1318591477]
transform = Transform3D(-0.0032957268, 0.9999813, -0.0051502287, 0.9999946, 0.0032969082, 0.00022034804, 0.00023732404, -0.005149454, -0.99998677, -356.9559, 68.537766, -20.141365)
use_collision = true
collision_mask = 2
size = Vector3(137.84589, 1, 205.63614)

[node name="w23" type="CSGBox3D" parent="inner walls" unique_id=1298913880]
transform = Transform3D(0.0002592916, -0.011816353, -0.99993, 0.99999446, 0.0032969078, 0.00022034829, 0.0032940716, -0.9999249, 0.011816978, -296.2121, 68.554985, -122.84125)
use_collision = true
collision_mask = 2
size = Vector3(137.84589, 1, 125.204796)

[node name="w24" type="CSGBox3D" parent="inner walls" unique_id=294357232]
transform = Transform3D(0.00028130505, -0.0185, -0.9998289, 0.9999945, 0.0032969078, 0.0002203479, 0.0032922646, -0.99982333, 0.018500775, -429.91223, 68.53197, 84.802505)
use_collision = true
collision_mask = 2
size = Vector3(137.84589, 1, 147.53683)

[node name="w14" type="CSGBox3D" parent="inner walls" unique_id=1414559812]
transform = Transform3D(-0.00024215512, 0.0066154604, 0.99997807, 0.99999446, 0.0032969075, 0.00022034813, -0.003295376, 0.9999728, -0.0066162115, -89.598854, 68.554985, 200.57706)
use_collision = true
collision_mask = 2
size = Vector3(137.84589, 1, 125.204796)

[node name="w16" type="CSGBox3D" parent="inner walls" unique_id=2143325646]
transform = Transform3D(-0.003299898, 0.999877, 0.015339421, 0.99999464, 0.0032969085, 0.00022034813, 0.00016974845, 0.015340001, -0.9998824, 280.69534, 68.537766, -211.34602)
use_collision = true
collision_mask = 2
size = Vector3(137.84589, 1, 205.63614)

[node name="w17" type="CSGBox3D" parent="inner walls" unique_id=351173015]
transform = Transform3D(-0.003299898, 0.999877, 0.015339421, 0.99999464, 0.0032969085, 0.00022034813, 0.00016974845, 0.015340001, -0.9998824, 177.55435, 68.537766, -4.987442)
use_collision = true
collision_mask = 2
size = Vector3(137.84589, 1, 205.63614)

[node name="w18" type="CSGBox3D" parent="inner walls" unique_id=1482190934]
transform = Transform3D(0.00019174564, 0.008673385, -0.99996233, 0.9999944, 0.0032969078, 0.00022034813, 0.003298693, -0.9999571, -0.008672713, 390.58426, 68.54462, -312.37173)
use_collision = true
collision_mask = 2
size = Vector3(137.84589, 1, 219.31561)

[node name="w19" type="CSGBox3D" parent="inner walls" unique_id=1541795745]
transform = Transform3D(0.0002137914, 0.0019889502, -0.9999981, 0.9999946, 0.0032969082, 0.00022034805, 0.003297338, -0.9999927, -0.001988296, 177.92026, 68.53807, -107.974014)
use_collision = true
collision_mask = 2
size = Vector3(137.84589, 1, 202.90474)

[node name="w20" type="CSGBox3D" parent="inner walls" unique_id=629688921]
transform = Transform3D(0.0032958393, -0.9999838, 0.0046788827, 0.99999446, 0.0032969075, 0.00022034814, -0.0002357701, 0.004678141, 0.99998903, 77.02228, 68.554985, -169.4467)
use_collision = true
collision_mask = 2
size = Vector3(137.84589, 1, 125.204796)

[node name="obstacles" type="CSGCombiner3D" parent="." unique_id=1601596144]
visible = false

[node name="CSGBox3D" type="CSGBox3D" parent="obstacles" unique_id=490664745]
transform = Transform3D(1, 0, 0, 0, 1, 0, 0, 0, 1, 75.23593, 57.002884, 190.88696)
size = Vector3(100, 100, 100)

[node name="CSGBox3D9" type="CSGBox3D" parent="obstacles" unique_id=1114354502]
transform = Transform3D(1, 0, 0, 0, 1, 0, 0, 0, 1, -187.9047, 29.088577, 327.34723)
size = Vector3(61.399902, 67.623535, 52.756287)

[node name="CSGBox3D10" type="CSGBox3D" parent="obstacles" unique_id=424069125]
transform = Transform3D(0.80656844, 0, -0.59114075, 0, 1, 0, 0.59114075, 0, 0.80656844, -251.12283, 13.652908, 377.98065)
size = Vector3(44.839233, 36.752197, 35.638397)

[node name="CSGBox3D2" type="CSGBox3D" parent="obstacles" unique_id=1164915864]
transform = Transform3D(0.8337124, 0, 0.55219895, 0, 1, 0, -0.55219895, 0, 0.8337124, 200.59386, 33.122574, 190.88696)
size = Vector3(100, 52.23938, 100)

[node name="CSGBox3D11" type="CSGBox3D" parent="obstacles" unique_id=866559156]
transform = Transform3D(0.99598193, 0, 0.089554876, 0, 1, 0, -0.089554876, 0, 0.99598193, 401.59323, 138.06128, 388.81122)
size = Vector3(77.62256, 52.23938, 58.200684)

[node name="CSGBox3D15" type="CSGBox3D" parent="obstacles" unique_id=1993477163]
transform = Transform3D(0.756944, -0.6499257, 0.068061516, 0.6473143, 0.7599978, 0.058204018, -0.089554876, -2.979615e-09, 0.99598205, 281.78152, 60.585533, -430.8225)
size = Vector3(112.2395, 52.23938, 58.200684)

[node name="CSGBox3D7" type="CSGBox3D" parent="obstacles" unique_id=1328697400]
transform = Transform3D(0.8337124, 0, 0.55219895, 0, 1, 0, -0.55219895, 0, 0.8337124, 344.33975, 25.106583, -178.03656)
size = Vector3(44.165375, 37.760803, 38.053864)

[node name="CSGBox3D3" type="CSGBox3D" parent="obstacles" unique_id=1029611206]
transform = Transform3D(0.8337124, 0, 0.55219895, 0, 1, 0, -0.55219895, 0, 0.8337124, 144.53058, 17.168686, 279.46744)
size = Vector3(43.586426, 20.331604, 43.865723)

[node name="CSGBox3D4" type="CSGBox3D" parent="obstacles" unique_id=1329093485]
transform = Transform3D(0.9243863, 0, -0.3814576, 0, 1, 0, 0.3814576, 0, 0.9243863, -287.61432, 41.774918, 56.715607)
size = Vector3(66.131836, 69.54407, 50.266968)

[node name="CSGBox3D5" type="CSGBox3D" parent="obstacles" unique_id=66841200]
transform = Transform3D(0.9813128, 0, 0.19241926, 0, 1, 0, -0.19241926, 0, 0.9813128, -155.23318, 33.122574, 101.379166)
size = Vector3(100, 52.23938, 100)

[node name="CSGBox3D6" type="CSGBox3D" parent="obstacles" unique_id=1390785145]
transform = Transform3D(0.9813128, 0, 0.19241926, 0, 1, 0, -0.19241926, 0, 0.9813128, -240.847, 17.168686, 161.87598)
size = Vector3(43.586426, 20.331604, 43.865723)

[node name="CSGBox3D12" type="CSGBox3D" parent="obstacles" unique_id=239795483]
transform = Transform3D(0.8015461, 0, -0.59793293, 0, 1, 0, 0.59793293, 0, 0.8015461, -375.62784, 41.774918, -365.67456)
size = Vector3(66.131836, 69.54407, 50.266968)

[node name="CSGBox3D13" type="CSGBox3D" parent="obstacles" unique_id=461477120]
transform = Transform3D(0.99843687, 0, -0.05589117, 0, 1, 0, 0.05589117, 0, 0.99843687, -258.3776, 33.122574, -289.70096)
size = Vector3(100, 52.23938, 100)

[node name="CSGBox3D14" type="CSGBox3D" parent="obstacles" unique_id=816273223]
transform = Transform3D(0.99843687, 0, -0.05589117, 0, 1, 0, 0.05589117, 0, 0.99843687, -356.2801, 17.168686, -252.22171)
size = Vector3(43.586426, 20.331604, 43.865723)

[node name="CSGCylinder3D" type="CSGCylinder3D" parent="obstacles" unique_id=346887618]
transform = Transform3D(1, 0, 0, 0, 1, 0, 0, 0, 1, 74.20055, 74.89404, 0)
radius = 29.060059
height = 151.78809

[node name="CSGCylinder3D2" type="CSGCylinder3D" parent="obstacles" unique_id=2080293277]
transform = Transform3D(1, 0, 0, 0, 1, 0, 0, 0, 1, -18.87085, 74.89404, -120.917114)
radius = 29.060059
height = 151.78809

[node name="CSGCylinder3D3" type="CSGCylinder3D" parent="obstacles" unique_id=954892866]
transform = Transform3D(1, 0, 0, 0, 1, 0, 0, 0, 1, -146.05229, 80.54373, -85.22955)
radius = 29.060059
height = 151.78809

[node name="CSGCylinder3D10" type="CSGCylinder3D" parent="obstacles" unique_id=1265614253]
transform = Transform3D(1, 0, 0, 0, 1, 0, 0, 0, 1, -417.72333, 60.91043, 291.43604)
radius = 29.060059
height = 112.521484

[node name="CSGCylinder3D11" type="CSGCylinder3D" parent="obstacles" unique_id=1992099518]
transform = Transform3D(1, 0, 0, 0, 1, 0, 0, 0, 1, -366.26898, 43.86429, 326.93298)
radius = 29.060059
height = 78.4292

[node name="CSGCylinder3D6" type="CSGCylinder3D" parent="obstacles" unique_id=865593728]
transform = Transform3D(1, 0, 0, 0, 1, 0, 0, 0, 1, 161.26772, 80.54373, -186.17654)
radius = 29.060059
height = 151.78809

[node name="CSGCylinder3D4" type="CSGCylinder3D" parent="obstacles" unique_id=1833670345]
transform = Transform3D(1, 0, 0, 0, 1, 0, 0, 0, 1, 386.06744, 45.29605, -249.39835)
radius = 29.060059
height = 81.292725

[node name="CSGCylinder3D7" type="CSGCylinder3D" parent="obstacles" unique_id=855768300]
transform = Transform3D(1, 0, 0, 0, 1, 0, 0, 0, 1, 342.107, 45.29605, 372.96115)
radius = 29.060059
height = 81.292725

[node name="CSGCylinder3D9" type="CSGCylinder3D" parent="obstacles" unique_id=1455330649]
transform = Transform3D(1, 0, 0, 0, 1, 0, 0, 0, 1, 342.107, 45.29605, -417.24124)
radius = 29.060059
height = 81.292725

[node name="CSGCylinder3D8" type="CSGCylinder3D" parent="obstacles" unique_id=1024353516]
transform = Transform3D(1, 0, 0, 0, 1, 0, 0, 0, 1, 431.31158, 59.308563, 395.4092)
radius = 29.060059
height = 109.31775

[node name="CSGBox3D8" type="CSGBox3D" parent="obstacles" unique_id=1997557311]
transform = Transform3D(-0.5566581, 0, -0.83074164, 0, 1, 0, 0.83074164, 0, -0.5566581, -419.0244, 25.106583, -49.662395)
size = Vector3(44.165375, 37.760803, 38.053864)

[node name="CSGCylinder3D5" type="CSGCylinder3D" parent="obstacles" unique_id=241017943]
transform = Transform3D(-0.9228274, 0, -0.38521364, 0, 1, 0, 0.38521364, 0, -0.9228274, -430.04236, 45.29605, 32.266293)
radius = 29.060059
height = 81.292725

[node name="enemies" type="CSGCombiner3D" parent="." unique_id=1567471323]

[node name="CSGMesh3D" type="CSGMesh3D" parent="enemies" unique_id=1187775375]
transform = Transform3D(1.1806127, 0, 0, 0, 2.1177988, 0, 0, 0, 1, 382.81052, 0, 58.776596)
mesh = SubResource("CapsuleMesh_lesfc")

[node name="CSGMesh3D3" type="CSGMesh3D" parent="enemies" unique_id=1383270216]
transform = Transform3D(1.1806127, 0, 0, 0, 2.1177988, 0, 0, 0, 1, -85.23047, 0, 58.776596)
mesh = SubResource("CapsuleMesh_lesfc")

[node name="CSGMesh3D4" type="CSGMesh3D" parent="enemies" unique_id=1988415276]
transform = Transform3D(1.1806127, 0, 0, 0, 2.1177988, 0, 0, 0, 1, -3.2935486, 0, -365.93393)
mesh = SubResource("CapsuleMesh_lesfc")

[node name="CSGMesh3D5" type="CSGMesh3D" parent="enemies" unique_id=481435970]
transform = Transform3D(1.1806127, 0, 0, 0, 2.1177988, 0, 0, 0, 1, -442.47693, 0, -201.04321)
mesh = SubResource("CapsuleMesh_lesfc")

[node name="CSGMesh3D2" type="CSGMesh3D" parent="enemies" unique_id=1476927400]
transform = Transform3D(1.1806127, 0, 0, 0, 2.1177988, 0, 0, 0, 1, -48.33142, 0, 380.16306)
mesh = SubResource("CapsuleMesh_lesfc")

[node name="Floors" type="Node3D" parent="." unique_id=910679591]
transform = Transform3D(1, 0, 0, 0, 1, 0, 0, 0, 1, 27.5495, 0, -37.223343)

[node name="FloorTile" parent="Floors" unique_id=269524862 instance=ExtResource("1_yqcq3")]
transform = Transform3D(100, 0, 0, 0, 100, 0, 0, 0, 100, 354.32776, -6.2861176, -358.63702)

[node name="FloorTile2" parent="Floors" unique_id=710410038 instance=ExtResource("1_yqcq3")]
transform = Transform3D(100, 0, 0, 0, 100, 0, 0, 0, 100, 354.32776, -6.2861176, -158.83246)

[node name="FloorTile3" parent="Floors" unique_id=1776593165 instance=ExtResource("1_yqcq3")]
transform = Transform3D(100, 0, 0, 0, 100, 0, 0, 0, 100, 354.32776, -6.2861176, 38.548492)

[node name="FloorTile4" parent="Floors" unique_id=239274641 instance=ExtResource("1_yqcq3")]
transform = Transform3D(100, 0, 0, 0, 100, 0, 0, 0, 100, 354.32776, -6.2861176, 238.35306)

[node name="FloorTile5" parent="Floors" unique_id=267215475 instance=ExtResource("1_yqcq3")]
transform = Transform3D(100, 0, 0, 0, 100, 0, 0, 0, 100, 354.32776, -6.2861176, 429.5912)

[node name="FloorTile6" parent="Floors" unique_id=1456259245 instance=ExtResource("1_yqcq3")]
transform = Transform3D(100, 0, 0, 0, 100, 0, 0, 0, 100, 164.10297, -6.2861176, -358.63702)

[node name="FloorTile7" parent="Floors" unique_id=58691418 instance=ExtResource("1_yqcq3")]
transform = Transform3D(100, 0, 0, 0, 100, 0, 0, 0, 100, 164.10297, -6.2861176, -158.83246)

[node name="FloorTile8" parent="Floors" unique_id=1749935569 instance=ExtResource("1_yqcq3")]
transform = Transform3D(100, 0, 0, 0, 100, 0, 0, 0, 100, 164.10297, -6.2861176, 38.548492)

[node name="FloorTile9" parent="Floors" unique_id=1893154450 instance=ExtResource("1_yqcq3")]
transform = Transform3D(100, 0, 0, 0, 100, 0, 0, 0, 100, 164.10297, -6.2861176, 238.35306)

[node name="FloorTile10" parent="Floors" unique_id=751493107 instance=ExtResource("1_yqcq3")]
transform = Transform3D(100, 0, 0, 0, 100, 0, 0, 0, 100, 164.10297, -6.2861176, 429.5912)

[node name="FloorTile11" parent="Floors" unique_id=1728415039 instance=ExtResource("1_yqcq3")]
transform = Transform3D(100, 0, 0, 0, 100, 0, 0, 0, 100, -28.882019, -6.2861176, -358.63702)

[node name="FloorTile12" parent="Floors" unique_id=195365022 instance=ExtResource("1_yqcq3")]
transform = Transform3D(100, 0, 0, 0, 100, 0, 0, 0, 100, -28.882019, -6.2861176, -158.83246)

[node name="FloorTile13" parent="Floors" unique_id=322176232 instance=ExtResource("1_yqcq3")]
transform = Transform3D(100, 0, 0, 0, 100, 0, 0, 0, 100, -28.882019, -6.2861176, 38.548492)

[node name="FloorTile14" parent="Floors" unique_id=2008571649 instance=ExtResource("1_yqcq3")]
transform = Transform3D(100, 0, 0, 0, 100, 0, 0, 0, 100, -28.882019, -6.2861176, 238.35306)

[node name="FloorTile15" parent="Floors" unique_id=36706746 instance=ExtResource("1_yqcq3")]
transform = Transform3D(100, 0, 0, 0, 100, 0, 0, 0, 100, -28.882019, -6.2861176, 429.59122)

[node name="FloorTile16" parent="Floors" unique_id=404739144 instance=ExtResource("1_yqcq3")]
transform = Transform3D(100, 0, 0, 0, 100, 0, 0, 0, 100, -224.11145, -6.2861176, -358.63702)

[node name="FloorTile17" parent="Floors" unique_id=1279113357 instance=ExtResource("1_yqcq3")]
transform = Transform3D(100, 0, 0, 0, 100, 0, 0, 0, 100, -224.11145, -6.2861176, -158.83246)

[node name="FloorTile18" parent="Floors" unique_id=784956248 instance=ExtResource("1_yqcq3")]
transform = Transform3D(100, 0, 0, 0, 100, 0, 0, 0, 100, -224.11145, -6.2861176, 38.548492)

[node name="FloorTile19" parent="Floors" unique_id=843136478 instance=ExtResource("1_yqcq3")]
transform = Transform3D(100, 0, 0, 0, 100, 0, 0, 0, 100, -224.11145, -6.2861176, 238.35306)

[node name="FloorTile20" parent="Floors" unique_id=1019326342 instance=ExtResource("1_yqcq3")]
transform = Transform3D(100, 0, 0, 0, 100, 0, 0, 0, 100, -224.11145, -6.2861176, 429.59122)

[node name="FloorTile21" parent="Floors" unique_id=793975266 instance=ExtResource("1_yqcq3")]
transform = Transform3D(100, 0, 0, 0, 100, 0, 0, 0, 100, -413.34793, -6.2861176, -358.63702)

[node name="FloorTile22" parent="Floors" unique_id=307184850 instance=ExtResource("1_yqcq3")]
transform = Transform3D(100, 0, 0, 0, 100, 0, 0, 0, 100, -413.34793, -6.2861176, -158.83246)

[node name="FloorTile23" parent="Floors" unique_id=1581089637 instance=ExtResource("1_yqcq3")]
transform = Transform3D(100, 0, 0, 0, 100, 0, 0, 0, 100, -413.34793, -6.2861176, 38.548492)

[node name="FloorTile24" parent="Floors" unique_id=124967063 instance=ExtResource("1_yqcq3")]
transform = Transform3D(100, 0, 0, 0, 100, 0, 0, 0, 100, -413.34793, -6.2861176, 238.35306)

[node name="FloorTile25" parent="Floors" unique_id=309519301 instance=ExtResource("1_yqcq3")]
transform = Transform3D(100, 0, 0, 0, 100, 0, 0, 0, 100, -413.34793, -6.2861176, 429.5912)

[node name="walls" type="Node3D" parent="." unique_id=1910470681]

[node name="BlackFence" parent="walls" unique_id=1274702953 instance=ExtResource("3_w7hem")]
transform = Transform3D(50, 0, 0, 0, 50, 0, 0, 0, 50, -357.5369, 1.4505081, 441.98987)

[node name="BlackFence2" parent="walls" unique_id=954552105 instance=ExtResource("3_w7hem")]
transform = Transform3D(50, 0, 0, 0, 50, 0, 0, 0, 50, -182.97548, 1.4505081, 441.98987)

[node name="BlackFence3" parent="walls" unique_id=365350183 instance=ExtResource("3_w7hem")]
transform = Transform3D(50, 0, 0, 0, 50, 0, 0, 0, 50, -7.844269, 1.4505081, 441.98987)

[node name="BlackFence4" parent="walls" unique_id=1193614746 instance=ExtResource("3_w7hem")]
transform = Transform3D(50, 0, 0, 0, 50, 0, 0, 0, 50, 166.71715, 1.4505081, 441.98987)

[node name="BlackFence5" parent="walls" unique_id=877207726 instance=ExtResource("3_w7hem")]
transform = Transform3D(50, 0, 0, 0, 50, 0, 0, 0, 50, 338.92447, 1.4505081, 441.98987)

[node name="BlackFence6" parent="walls" unique_id=1588523550 instance=ExtResource("3_w7hem")]
transform = Transform3D(0.058466434, 0, 49.999966, 0, 50, 0, -49.999966, 0, 0.058466434, 374.80136, 1.4505081, 379.67203)

[node name="BlackFence7" parent="walls" unique_id=646202423 instance=ExtResource("3_w7hem")]
transform = Transform3D(0.058466434, 0, 49.999966, 0, 50, 0, -49.999966, 0, 0.058466434, 374.80136, 1.4505081, 203.81775)

[node name="BlackFence8" parent="walls" unique_id=467386686 instance=ExtResource("3_w7hem")]
transform = Transform3D(0.058466434, 0, 49.999966, 0, 50, 0, -49.999966, 0, 0.058466434, 374.80136, 1.4505081, 29.962372)

[node name="BlackFence9" parent="walls" unique_id=1454234548 instance=ExtResource("3_w7hem")]
transform = Transform3D(0.058466434, 0, 49.999966, 0, 50, 0, -49.999966, 0, 0.058466434, 374.80136, 1.4505081, -145.8919)

[node name="BlackFence10" parent="walls" unique_id=168664520 instance=ExtResource("3_w7hem")]
transform = Transform3D(0.058466434, 0, 49.999966, 0, 50, 0, -49.999966, 0, 0.058466434, 374.80136, 1.4505081, -322.46942)

[node name="BlackFence11" parent="walls" unique_id=1742794102 instance=ExtResource("3_w7hem")]
transform = Transform3D(0.058466434, 0, 49.999966, 0, 50, 0, -49.999966, 0, 0.058466434, 374.80136, 1.4505081, -498.3237)

[node name="Player" parent="." unique_id=279958562 instance=ExtResource("2_w7hem")]
transform = Transform3D(20, 0, 0, 0, 20, 0, 0, 0, 20, 180.62311, 34.266003, 377.5374)
