[gd_scene format=3 uid="uid://cl8efly6bnuxi"]

[ext_resource type="PackedScene" uid="uid://ds2m8y7jwbfhd" path="res://Dummy/Dummy Scripts/scenes/assets_with_collision/floor_tile.tscn" id="1_yqcq3"]
[ext_resource type="PackedScene" uid="uid://cuynwls3xkrxt" path="res://scenes/Player/player.tscn" id="2_w7hem"]
[ext_resource type="PackedScene" uid="uid://bmrmsgeicwvv8" path="res://Dummy/Dummy Scripts/scenes/assets_with_collision/black_fence.tscn" id="3_w7hem"]
[ext_resource type="PackedScene" uid="uid://n76rvujk02oh" path="res://Dummy/Dummy Scripts/scenes/assets_with_collision/iron_fence.tscn" id="4_bjkqv"]
[ext_resource type="PackedScene" uid="uid://balacbwmkbdwg" path="res://Dummy/Dummy Scripts/scenes/assets_with_collision/open_gate.tscn" id="5_b0xmq"]
[ext_resource type="PackedScene" uid="uid://cxq5714htmg75" path="res://scenes/assets_with_collision/graveyard/arch.tscn" id="5_hcd6m"]
[ext_resource type="PackedScene" uid="uid://c08ehulsbv06x" path="res://scenes/assets_with_collision/graveyard/gravestone.tscn" id="6_2we64"]
[ext_resource type="PackedScene" uid="uid://dks2o4tm528ip" path="res://scenes/assets_with_collision/graveyard/crypt.tscn" id="7_hcd6m"]
[ext_resource type="PackedScene" uid="uid://dpsrdkvfvxk5w" path="res://scenes/assets_with_collision/graveyard/dead tree.tscn" id="8_0gdtl"]
[ext_resource type="PackedScene" uid="uid://0q3h3xgd5ae7" path="res://scenes/assets_with_collision/graveyard/glass.tscn" id="9_jfy7d"]
[ext_resource type="PackedScene" uid="uid://cedjx4nj70ltn" path="res://scenes/assets_with_collision/graveyard/blood.tscn" id="10_yyx0c"]
[ext_resource type="PackedScene" uid="uid://b0tdgxhrfr15v" path="res://scenes/assets_with_collision/graveyard/broken_car.tscn" id="12_42vdr"]
[ext_resource type="PackedScene" uid="uid://b4fsnqddudn1x" path="res://scenes/assets_with_collision/graveyard/coffin.tscn" id="13_nxo30"]
[ext_resource type="PackedScene" uid="uid://cfeuoi6m7ifwk" path="res://scenes/enemy/enemy.tscn" id="14_od7ca"]
[ext_resource type="PackedScene" uid="uid://u3p5udeiuusi" path="res://scenes/assets_with_collision/graveyard/gravehead.tscn" id="14_oupgs"]
[ext_resource type="PackedScene" uid="uid://b0fidjxt0fpc7" path="res://scenes/assets_with_collision/graveyard/pillar.tscn" id="15_48tvu"]
[ext_resource type="PackedScene" uid="uid://c13u140wi34jj" path="res://scenes/assets_with_collision/graveyard/grave.tscn" id="16_evnt5"]
[ext_resource type="PackedScene" uid="uid://clu43e4vvk6yu" path="res://scenes/assets_with_collision/graveyard/car_2.tscn" id="17_kk34i"]
[ext_resource type="PackedScene" uid="uid://lw0uaqnubt6y" path="res://scenes/assets_with_collision/graveyard/tire.tscn" id="18_oniui"]
[ext_resource type="PackedScene" uid="uid://bxwg7m0ajuw82" path="res://scenes/pick ups/medkit.tscn" id="19_2l77w"]
[ext_resource type="PackedScene" uid="uid://c1wbq6h1s31ec" path="res://scenes/pick ups/bullets.tscn" id="20_n1g0a"]
[ext_resource type="PackedScene" uid="uid://cldatiok1jred" path="res://scenes/assets_with_collision/graveyard/bike.tscn" id="22_oniui"]
[ext_resource type="PackedScene" uid="uid://b0xl23eeh8wp8" path="res://scenes/pick ups/bullet_projectile.tscn" id="22_usehl"]
[ext_resource type="PackedScene" uid="uid://f188kdyokjkp" path="res://scenes/assets_with_collision/graveyard/pile of bones.tscn" id="24_2l77w"]

[sub_resource type="ProceduralSkyMaterial" id="ProceduralSkyMaterial_yqcq3"]
sky_horizon_color = Color(0.66224277, 0.6717428, 0.6867428, 1)
ground_horizon_color = Color(0.66224277, 0.6717428, 0.6867428, 1)

[sub_resource type="Sky" id="Sky_w7hem"]
sky_material = SubResource("ProceduralSkyMaterial_yqcq3")

[sub_resource type="Environment" id="Environment_jb7pv"]
background_mode = 2
sky = SubResource("Sky_w7hem")
tonemap_mode = 2
glow_enabled = true

[sub_resource type="StandardMaterial3D" id="StandardMaterial3D_jb7pv"]
albedo_color = Color(1, 0.4627451, 1, 1)

[sub_resource type="CapsuleMesh" id="CapsuleMesh_lesfc"]
radius = 14.454
height = 87.046

[node name="model_level_2" type="Node3D" unique_id=7759660]

[node name="DirectionalLight3D" type="DirectionalLight3D" parent="." unique_id=1321578851]
transform = Transform3D(-0.8660254, -0.43301278, 0.25, 0, 0.49999997, 0.86602545, -0.50000006, 0.75, -0.43301266, 0, 0, 0)
shadow_enabled = true

[node name="WorldEnvironment" type="WorldEnvironment" parent="." unique_id=308335122]
environment = SubResource("Environment_jb7pv")

[node name="boundaries" type="CSGCombiner3D" parent="." unique_id=1944622934]
visible = false

[node name="floor" type="CSGBox3D" parent="boundaries" unique_id=1746699916]
size = Vector3(1000, 1, 1000)
material = SubResource("StandardMaterial3D_jb7pv")

[node name="w6" type="CSGBox3D" parent="boundaries" unique_id=767496711]
transform = Transform3D(-0.00022811953, 0.0023569667, 0.99999696, 0.99999464, 0.0032969085, 0.00022034814, -0.0032963778, 0.9999921, -0.0023577118, 0.8443004, 67.41468, 480.4903)
use_collision = true
collision_mask = 2
size = Vector3(138.62877, 1, 1003.922)

[node name="w7" type="CSGBox3D" parent="boundaries" unique_id=1797692742]
transform = Transform3D(-0.00022040955, 1.8239954e-05, 0.99999976, 0.99999464, 0.0032969085, 0.00022034816, -0.0032969022, 0.99999475, -1.8972902e-05, 0.102409124, 68.54675, -487.59064)
use_collision = true
collision_mask = 2
size = Vector3(137.846, 1, 1000)

[node name="w8" type="CSGBox3D" parent="boundaries" unique_id=874136580]
transform = Transform3D(0.0032969022, -0.99999475, 1.892919e-05, 0.99999464, 0.0032969085, 0.00022034814, -0.00022040916, 1.8196246e-05, 0.9999999, -475.66125, 68.547325, 0.9016111)
use_collision = true
collision_mask = 2
size = Vector3(137.846, 1, 1005.2169)

[node name="w9" type="CSGBox3D" parent="boundaries" unique_id=2117875232]
transform = Transform3D(0.0032969022, -0.99999475, 1.892919e-05, 0.99999464, 0.0032969085, 0.00022034814, -0.00022040916, 1.8196246e-05, 0.9999999, 432.36002, 68.547035, -1.0026857)
use_collision = true
collision_mask = 2
size = Vector3(137.846, 1, 1002.58496)

[node name="inner walls" type="CSGCombiner3D" parent="." unique_id=1992876961]
visible = false

[node name="w11" type="CSGBox3D" parent="inner walls" unique_id=659127961]
transform = Transform3D(0.0001761413, 0.013402849, -0.99991024, 0.99999464, 0.0032969085, 0.0002203481, 0.0032995632, -0.9999048, -0.013402257, -131.89267, 68.537766, -3.0144603)
use_collision = true
collision_mask = 2
size = Vector3(137.84589, 1, 205.63614)

[node name="w15" type="CSGBox3D" parent="inner walls" unique_id=175536485]
transform = Transform3D(0.0001761413, 0.013402849, -0.99991024, 0.99999464, 0.0032969085, 0.0002203481, 0.0032995632, -0.9999048, -0.013402257, 74.665344, 68.537766, 99.72656)
use_collision = true
collision_mask = 2
size = Vector3(137.84589, 1, 205.63614)

[node name="w12" type="CSGBox3D" parent="inner walls" unique_id=244079242]
transform = Transform3D(0.0032983155, -0.99997205, -0.0067354105, 0.9999945, 0.0032969078, 0.00022034814, -0.00019813597, -0.0067360923, 0.99997723, -233.44801, 68.554985, -65.65311)
use_collision = true
collision_mask = 2
size = Vector3(137.84589, 1, 125.204796)

[node name="w13" type="CSGBox3D" parent="inner walls" unique_id=727450561]
transform = Transform3D(0.0032969173, -0.99999464, -5.0935894e-05, 0.99999464, 0.0032969085, 0.0002203481, -0.00022017924, -5.160086e-05, 1.0000001, -28.321754, 68.53807, 99.560165)
use_collision = true
collision_mask = 2
size = Vector3(137.84589, 1, 202.90474)

[node name="w21" type="CSGBox3D" parent="inner walls" unique_id=1318591477]
transform = Transform3D(-0.0032957268, 0.9999813, -0.0051502287, 0.9999946, 0.0032969082, 0.00022034804, 0.00023732404, -0.005149454, -0.99998677, -356.9559, 68.537766, -20.141365)
use_collision = true
collision_mask = 2
size = Vector3(137.84589, 1, 205.63614)

[node name="w23" type="CSGBox3D" parent="inner walls" unique_id=1298913880]
transform = Transform3D(0.0002592916, -0.011816353, -0.99993, 0.99999446, 0.0032969078, 0.00022034829, 0.0032940716, -0.9999249, 0.011816978, -296.2121, 68.554985, -122.84125)
use_collision = true
collision_mask = 2
size = Vector3(137.84589, 1, 125.204796)

[node name="w24" type="CSGBox3D" parent="inner walls" unique_id=294357232]
transform = Transform3D(0.00028130505, -0.0185, -0.9998289, 0.9999945, 0.0032969078, 0.0002203479, 0.0032922646, -0.99982333, 0.018500775, -429.91223, 68.53197, 84.802505)
use_collision = true
collision_mask = 2
size = Vector3(137.84589, 1, 147.53683)

[node name="w14" type="CSGBox3D" parent="inner walls" unique_id=1414559812]
transform = Transform3D(-0.00024215512, 0.0066154604, 0.99997807, 0.99999446, 0.0032969075, 0.00022034813, -0.003295376, 0.9999728, -0.0066162115, -89.598854, 68.554985, 200.57706)
use_collision = true
collision_mask = 2
size = Vector3(137.84589, 1, 125.204796)

[node name="w16" type="CSGBox3D" parent="inner walls" unique_id=2143325646]
transform = Transform3D(-0.003299898, 0.999877, 0.015339421, 0.99999464, 0.0032969085, 0.00022034813, 0.00016974845, 0.015340001, -0.9998824, 280.69534, 68.537766, -211.34602)
use_collision = true
collision_mask = 2
size = Vector3(137.84589, 1, 205.63614)

[node name="w17" type="CSGBox3D" parent="inner walls" unique_id=351173015]
transform = Transform3D(-0.003299898, 0.999877, 0.015339421, 0.99999464, 0.0032969085, 0.00022034813, 0.00016974845, 0.015340001, -0.9998824, 177.55435, 68.537766, -4.987442)
use_collision = true
collision_mask = 2
size = Vector3(137.84589, 1, 205.63614)

[node name="w18" type="CSGBox3D" parent="inner walls" unique_id=1482190934]
transform = Transform3D(0.00019174564, 0.008673385, -0.99996233, 0.9999944, 0.0032969078, 0.00022034813, 0.003298693, -0.9999571, -0.008672713, 390.58426, 68.54462, -312.37173)
use_collision = true
collision_mask = 2
size = Vector3(137.84589, 1, 219.31561)

[node name="w19" type="CSGBox3D" parent="inner walls" unique_id=1541795745]
transform = Transform3D(0.0002137914, 0.0019889502, -0.9999981, 0.9999946, 0.0032969082, 0.00022034805, 0.003297338, -0.9999927, -0.001988296, 177.92026, 68.53807, -107.974014)
use_collision = true
collision_mask = 2
size = Vector3(137.84589, 1, 202.90474)

[node name="w20" type="CSGBox3D" parent="inner walls" unique_id=629688921]
transform = Transform3D(0.0032958393, -0.9999838, 0.0046788827, 0.99999446, 0.0032969075, 0.00022034814, -0.0002357701, 0.004678141, 0.99998903, 77.02228, 68.554985, -169.4467)
use_collision = true
collision_mask = 2
size = Vector3(137.84589, 1, 125.204796)

[node name="obstacles" type="CSGCombiner3D" parent="." unique_id=1601596144]
visible = false

[node name="CSGBox3D" type="CSGBox3D" parent="obstacles" unique_id=490664745]
transform = Transform3D(1, 0, 0, 0, 1, 0, 0, 0, 1, 75.23593, 57.002884, 190.88696)
size = Vector3(100, 100, 100)

[node name="CSGBox3D9" type="CSGBox3D" parent="obstacles" unique_id=1114354502]
transform = Transform3D(1, 0, 0, 0, 1, 0, 0, 0, 1, -187.9047, 29.088577, 327.34723)
size = Vector3(61.399902, 67.623535, 52.756287)

[node name="CSGBox3D10" type="CSGBox3D" parent="obstacles" unique_id=424069125]
transform = Transform3D(0.80656844, 0, -0.59114075, 0, 1, 0, 0.59114075, 0, 0.80656844, -251.12283, 13.652908, 377.98065)
size = Vector3(44.839233, 36.752197, 35.638397)

[node name="CSGBox3D2" type="CSGBox3D" parent="obstacles" unique_id=1164915864]
transform = Transform3D(0.8337124, 0, 0.55219895, 0, 1, 0, -0.55219895, 0, 0.8337124, 200.59386, 33.122574, 190.88696)
size = Vector3(100, 52.23938, 100)

[node name="CSGBox3D11" type="CSGBox3D" parent="obstacles" unique_id=866559156]
transform = Transform3D(0.99598193, 0, 0.089554876, 0, 1, 0, -0.089554876, 0, 0.99598193, 401.59323, 138.06128, 388.81122)
size = Vector3(77.62256, 52.23938, 58.200684)

[node name="CSGBox3D15" type="CSGBox3D" parent="obstacles" unique_id=1993477163]
transform = Transform3D(0.756944, -0.6499257, 0.068061516, 0.6473143, 0.7599978, 0.058204018, -0.089554876, -2.979615e-09, 0.99598205, 281.78152, 60.585533, -430.8225)
size = Vector3(112.2395, 52.23938, 58.200684)

[node name="CSGBox3D7" type="CSGBox3D" parent="obstacles" unique_id=1328697400]
transform = Transform3D(0.8337124, 0, 0.55219895, 0, 1, 0, -0.55219895, 0, 0.8337124, 344.33975, 25.106583, -178.03656)
size = Vector3(44.165375, 37.760803, 38.053864)

[node name="CSGBox3D3" type="CSGBox3D" parent="obstacles" unique_id=1029611206]
transform = Transform3D(0.8337124, 0, 0.55219895, 0, 1, 0, -0.55219895, 0, 0.8337124, 144.53058, 17.168686, 279.46744)
size = Vector3(43.586426, 20.331604, 43.865723)

[node name="CSGBox3D4" type="CSGBox3D" parent="obstacles" unique_id=1329093485]
transform = Transform3D(0.9243863, 0, -0.3814576, 0, 1, 0, 0.3814576, 0, 0.9243863, -287.61432, 41.774918, 56.715607)
size = Vector3(66.131836, 69.54407, 50.266968)

[node name="CSGBox3D5" type="CSGBox3D" parent="obstacles" unique_id=66841200]
transform = Transform3D(0.9813128, 0, 0.19241926, 0, 1, 0, -0.19241926, 0, 0.9813128, -155.23318, 33.122574, 101.379166)
size = Vector3(100, 52.23938, 100)

[node name="CSGBox3D6" type="CSGBox3D" parent="obstacles" unique_id=1390785145]
transform = Transform3D(0.9813128, 0, 0.19241926, 0, 1, 0, -0.19241926, 0, 0.9813128, -240.847, 17.168686, 161.87598)
size = Vector3(43.586426, 20.331604, 43.865723)

[node name="CSGBox3D12" type="CSGBox3D" parent="obstacles" unique_id=239795483]
transform = Transform3D(0.8015461, 0, -0.59793293, 0, 1, 0, 0.59793293, 0, 0.8015461, -375.62784, 41.774918, -365.67456)
size = Vector3(66.131836, 69.54407, 50.266968)

[node name="CSGBox3D13" type="CSGBox3D" parent="obstacles" unique_id=461477120]
transform = Transform3D(0.99843687, 0, -0.05589117, 0, 1, 0, 0.05589117, 0, 0.99843687, -258.3776, 33.122574, -289.70096)
size = Vector3(100, 52.23938, 100)

[node name="CSGBox3D14" type="CSGBox3D" parent="obstacles" unique_id=816273223]
transform = Transform3D(0.99843687, 0, -0.05589117, 0, 1, 0, 0.05589117, 0, 0.99843687, -356.2801, 17.168686, -252.22171)
size = Vector3(43.586426, 20.331604, 43.865723)

[node name="CSGCylinder3D" type="CSGCylinder3D" parent="obstacles" unique_id=346887618]
transform = Transform3D(1, 0, 0, 0, 1, 0, 0, 0, 1, 74.20055, 74.89404, 0)
radius = 29.060059
height = 151.78809

[node name="CSGCylinder3D2" type="CSGCylinder3D" parent="obstacles" unique_id=2080293277]
transform = Transform3D(1, 0, 0, 0, 1, 0, 0, 0, 1, -18.87085, 74.89404, -120.917114)
radius = 29.060059
height = 151.78809

[node name="CSGCylinder3D3" type="CSGCylinder3D" parent="obstacles" unique_id=954892866]
transform = Transform3D(1, 0, 0, 0, 1, 0, 0, 0, 1, -146.05229, 80.54373, -85.22955)
radius = 29.060059
height = 151.78809

[node name="CSGCylinder3D10" type="CSGCylinder3D" parent="obstacles" unique_id=1265614253]
transform = Transform3D(1, 0, 0, 0, 1, 0, 0, 0, 1, -417.72333, 60.91043, 291.43604)
radius = 29.060059
height = 112.521484

[node name="CSGCylinder3D11" type="CSGCylinder3D" parent="obstacles" unique_id=1992099518]
transform = Transform3D(1, 0, 0, 0, 1, 0, 0, 0, 1, -366.26898, 43.86429, 326.93298)
radius = 29.060059
height = 78.4292

[node name="CSGCylinder3D6" type="CSGCylinder3D" parent="obstacles" unique_id=865593728]
transform = Transform3D(1, 0, 0, 0, 1, 0, 0, 0, 1, 161.26772, 80.54373, -186.17654)
radius = 29.060059
height = 151.78809

[node name="CSGCylinder3D4" type="CSGCylinder3D" parent="obstacles" unique_id=1833670345]
transform = Transform3D(1, 0, 0, 0, 1, 0, 0, 0, 1, 386.06744, 45.29605, -249.39835)
radius = 29.060059
height = 81.292725

[node name="CSGCylinder3D7" type="CSGCylinder3D" parent="obstacles" unique_id=855768300]
transform = Transform3D(1, 0, 0, 0, 1, 0, 0, 0, 1, 342.107, 45.29605, 372.96115)
radius = 29.060059
height = 81.292725

[node name="CSGCylinder3D9" type="CSGCylinder3D" parent="obstacles" unique_id=1455330649]
transform = Transform3D(1, 0, 0, 0, 1, 0, 0, 0, 1, 342.107, 45.29605, -417.24124)
radius = 29.060059
height = 81.292725

[node name="CSGCylinder3D8" type="CSGCylinder3D" parent="obstacles" unique_id=1024353516]
transform = Transform3D(1, 0, 0, 0, 1, 0, 0, 0, 1, 431.31158, 59.308563, 395.4092)
radius = 29.060059
height = 109.31775

[node name="CSGBox3D8" type="CSGBox3D" parent="obstacles" unique_id=1997557311]
transform = Transform3D(-0.5566581, 0, -0.83074164, 0, 1, 0, 0.83074164, 0, -0.5566581, -419.0244, 25.106583, -49.662395)
size = Vector3(44.165375, 37.760803, 38.053864)

[node name="CSGCylinder3D5" type="CSGCylinder3D" parent="obstacles" unique_id=241017943]
transform = Transform3D(-0.9228274, 0, -0.38521364, 0, 1, 0, 0.38521364, 0, -0.9228274, -430.04236, 45.29605, 32.266293)
radius = 29.060059
height = 81.292725

[node name="enemies" type="CSGCombiner3D" parent="." unique_id=1567471323]
visible = false

[node name="CSGMesh3D" type="CSGMesh3D" parent="enemies" unique_id=1187775375]
transform = Transform3D(1.1806127, 0, 0, 0, 2.1177988, 0, 0, 0, 1, 382.81052, 0, 58.776596)
mesh = SubResource("CapsuleMesh_lesfc")

[node name="CSGMesh3D3" type="CSGMesh3D" parent="enemies" unique_id=1383270216]
transform = Transform3D(1.1806127, 0, 0, 0, 2.1177988, 0, 0, 0, 1, -85.23047, 0, 58.776596)
visible = false
mesh = SubResource("CapsuleMesh_lesfc")

[node name="CSGMesh3D4" type="CSGMesh3D" parent="enemies" unique_id=1988415276]
transform = Transform3D(1.1806127, 0, 0, 0, 2.1177988, 0, 0, 0, 1, -3.2935486, 0, -365.93393)
mesh = SubResource("CapsuleMesh_lesfc")

[node name="CSGMesh3D5" type="CSGMesh3D" parent="enemies" unique_id=481435970]
transform = Transform3D(1.1806127, 0, 0, 0, 2.1177988, 0, 0, 0, 1, -442.47693, 0, -201.04321)
mesh = SubResource("CapsuleMesh_lesfc")

[node name="CSGMesh3D2" type="CSGMesh3D" parent="enemies" unique_id=1476927400]
transform = Transform3D(1.1806127, 0, 0, 0, 2.1177988, 0, 0, 0, 1, -48.33142, 0, 380.16306)
mesh = SubResource("CapsuleMesh_lesfc")

[node name="Floors" type="Node3D" parent="." unique_id=910679591]
transform = Transform3D(1, 0, 0, 0, 1, 0, 0, 0, 1, 27.5495, 0, -37.223343)

[node name="FloorTile" parent="Floors" unique_id=269524862 instance=ExtResource("1_yqcq3")]
transform = Transform3D(100, 0, 0, 0, 100, 0, 0, 0, 100, 354.32776, -6.2861176, -358.63702)

[node name="FloorTile2" parent="Floors" unique_id=710410038 instance=ExtResource("1_yqcq3")]
transform = Transform3D(100, 0, 0, 0, 100, 0, 0, 0, 100, 354.32776, -6.2861176, -158.83246)

[node name="FloorTile3" parent="Floors" unique_id=1776593165 instance=ExtResource("1_yqcq3")]
transform = Transform3D(100, 0, 0, 0, 100, 0, 0, 0, 100, 354.32776, -6.2861176, 38.548492)

[node name="FloorTile4" parent="Floors" unique_id=239274641 instance=ExtResource("1_yqcq3")]
transform = Transform3D(100, 0, 0, 0, 100, 0, 0, 0, 100, 354.32776, -6.2861176, 238.35306)

[node name="FloorTile5" parent="Floors" unique_id=267215475 instance=ExtResource("1_yqcq3")]
transform = Transform3D(100, 0, 0, 0, 100, 0, 0, 0, 100, 354.32776, -6.2861176, 429.5912)

[node name="FloorTile6" parent="Floors" unique_id=1456259245 instance=ExtResource("1_yqcq3")]
transform = Transform3D(100, 0, 0, 0, 100, 0, 0, 0, 100, 164.10297, -6.2861176, -358.63702)

[node name="FloorTile7" parent="Floors" unique_id=58691418 instance=ExtResource("1_yqcq3")]
transform = Transform3D(100, 0, 0, 0, 100, 0, 0, 0, 100, 164.10297, -6.2861176, -158.83246)

[node name="FloorTile8" parent="Floors" unique_id=1749935569 instance=ExtResource("1_yqcq3")]
transform = Transform3D(100, 0, 0, 0, 100, 0, 0, 0, 100, 164.10297, -6.2861176, 38.548492)

[node name="FloorTile9" parent="Floors" unique_id=1893154450 instance=ExtResource("1_yqcq3")]
transform = Transform3D(100, 0, 0, 0, 100, 0, 0, 0, 100, 164.10297, -6.2861176, 238.35306)

[node name="FloorTile10" parent="Floors" unique_id=751493107 instance=ExtResource("1_yqcq3")]
transform = Transform3D(100, 0, 0, 0, 100, 0, 0, 0, 100, 164.10297, -6.2861176, 429.5912)

[node name="FloorTile11" parent="Floors" unique_id=1728415039 instance=ExtResource("1_yqcq3")]
transform = Transform3D(100, 0, 0, 0, 100, 0, 0, 0, 100, -28.882019, -6.2861176, -358.63702)

[node name="FloorTile12" parent="Floors" unique_id=195365022 instance=ExtResource("1_yqcq3")]
transform = Transform3D(100, 0, 0, 0, 100, 0, 0, 0, 100, -28.882019, -6.2861176, -158.83246)

[node name="FloorTile13" parent="Floors" unique_id=322176232 instance=ExtResource("1_yqcq3")]
transform = Transform3D(100, 0, 0, 0, 100, 0, 0, 0, 100, -28.882019, -6.2861176, 38.548492)

[node name="FloorTile14" parent="Floors" unique_id=2008571649 instance=ExtResource("1_yqcq3")]
transform = Transform3D(100, 0, 0, 0, 100, 0, 0, 0, 100, -28.882019, -6.2861176, 238.35306)

[node name="FloorTile15" parent="Floors" unique_id=36706746 instance=ExtResource("1_yqcq3")]
transform = Transform3D(100, 0, 0, 0, 100, 0, 0, 0, 100, -28.882019, -6.2861176, 429.59122)

[node name="FloorTile16" parent="Floors" unique_id=404739144 instance=ExtResource("1_yqcq3")]
transform = Transform3D(100, 0, 0, 0, 100, 0, 0, 0, 100, -224.11145, -6.2861176, -358.63702)

[node name="FloorTile17" parent="Floors" unique_id=1279113357 instance=ExtResource("1_yqcq3")]
transform = Transform3D(100, 0, 0, 0, 100, 0, 0, 0, 100, -224.11145, -6.2861176, -158.83246)

[node name="FloorTile18" parent="Floors" unique_id=784956248 instance=ExtResource("1_yqcq3")]
transform = Transform3D(100, 0, 0, 0, 100, 0, 0, 0, 100, -224.11145, -6.2861176, 38.548492)

[node name="FloorTile19" parent="Floors" unique_id=843136478 instance=ExtResource("1_yqcq3")]
transform = Transform3D(100, 0, 0, 0, 100, 0, 0, 0, 100, -224.11145, -6.2861176, 238.35306)

[node name="FloorTile20" parent="Floors" unique_id=1019326342 instance=ExtResource("1_yqcq3")]
transform = Transform3D(100, 0, 0, 0, 100, 0, 0, 0, 100, -224.11145, -6.2861176, 429.59122)

[node name="FloorTile21" parent="Floors" unique_id=793975266 instance=ExtResource("1_yqcq3")]
transform = Transform3D(100, 0, 0, 0, 100, 0, 0, 0, 100, -413.34793, -6.2861176, -358.63702)

[node name="FloorTile22" parent="Floors" unique_id=307184850 instance=ExtResource("1_yqcq3")]
transform = Transform3D(100, 0, 0, 0, 100, 0, 0, 0, 100, -413.34793, -6.2861176, -158.83246)

[node name="FloorTile23" parent="Floors" unique_id=1581089637 instance=ExtResource("1_yqcq3")]
transform = Transform3D(100, 0, 0, 0, 100, 0, 0, 0, 100, -413.34793, -6.2861176, 38.548492)

[node name="FloorTile24" parent="Floors" unique_id=124967063 instance=ExtResource("1_yqcq3")]
transform = Transform3D(100, 0, 0, 0, 100, 0, 0, 0, 100, -413.34793, -6.2861176, 238.35306)

[node name="FloorTile25" parent="Floors" unique_id=309519301 instance=ExtResource("1_yqcq3")]
transform = Transform3D(100, 0, 0, 0, 100, 0, 0, 0, 100, -413.34793, -6.2861176, 429.5912)

[node name="walls" type="Node3D" parent="." unique_id=1910470681]

[node name="BlackFence" parent="walls" unique_id=1274702953 instance=ExtResource("3_w7hem")]
transform = Transform3D(50, 0, 0, 0, 50, 0, 0, 0, 50, -357.5369, 1.4505081, 441.98987)

[node name="BlackFence2" parent="walls" unique_id=954552105 instance=ExtResource("3_w7hem")]
transform = Transform3D(50, 0, 0, 0, 50, 0, 0, 0, 50, -182.97548, 1.4505081, 441.98987)

[node name="BlackFence3" parent="walls" unique_id=365350183 instance=ExtResource("3_w7hem")]
transform = Transform3D(50, 0, 0, 0, 50, 0, 0, 0, 50, -7.844269, 1.4505081, 441.98987)

[node name="BlackFence4" parent="walls" unique_id=1193614746 instance=ExtResource("3_w7hem")]
transform = Transform3D(50, 0, 0, 0, 50, 0, 0, 0, 50, 166.71715, 1.4505081, 441.98987)

[node name="BlackFence5" parent="walls" unique_id=877207726 instance=ExtResource("3_w7hem")]
transform = Transform3D(63.853275, 0, 0, 0, 50, 0, 0, 0, 50, 374.20596, 1.4505081, 441.98987)

[node name="BlackFence6" parent="walls" unique_id=1588523550 instance=ExtResource("3_w7hem")]
transform = Transform3D(0.058466434, 0, 49.999966, 0, 50, 0, -49.999966, 0, 0.058466434, 436.67996, 1.4505081, 379.67203)

[node name="BlackFence7" parent="walls" unique_id=646202423 instance=ExtResource("3_w7hem")]
transform = Transform3D(0.058466434, 0, 49.999966, 0, 50, 0, -49.999966, 0, 0.058466434, 436.356, 1.4505081, 203.81775)

[node name="BlackFence8" parent="walls" unique_id=467386686 instance=ExtResource("3_w7hem")]
transform = Transform3D(0.058466434, 0, 49.999966, 0, 50, 0, -49.999966, 0, 0.058466434, 439.4152, 1.4505081, 29.962372)

[node name="BlackFence9" parent="walls" unique_id=1454234548 instance=ExtResource("3_w7hem")]
transform = Transform3D(0.058466434, 0, 49.999966, 0, 50, 0, -49.999966, 0, 0.058466434, 439.4152, 1.4505081, -145.8919)

[node name="BlackFence10" parent="walls" unique_id=168664520 instance=ExtResource("3_w7hem")]
transform = Transform3D(0.058466434, 0, 49.999966, 0, 50, 0, -49.999966, 0, 0.058466434, 439.4152, 1.4505081, -322.46942)

[node name="BlackFence11" parent="walls" unique_id=1742794102 instance=ExtResource("3_w7hem")]
transform = Transform3D(0.031019047, 0, 50.027412, 0, 50, 0, -26.527208, 0, 0.05849853, 439.4152, 1.4505081, -462.1802)

[node name="BlackFence12" parent="walls" unique_id=1554446792 instance=ExtResource("3_w7hem")]
transform = Transform3D(70.54246, 0, 0, 0, 50, 0, 0, 0, 50, -326.57434, 1.4505081, -540.4685)

[node name="BlackFence13" parent="walls" unique_id=2101478854 instance=ExtResource("3_w7hem")]
transform = Transform3D(50, 0, 0, 0, 50, 0, 0, 0, 50, -115.9824, 1.4505081, -539.91785)

[node name="BlackFence14" parent="walls" unique_id=1109954918 instance=ExtResource("3_w7hem")]
transform = Transform3D(50, 0, 0, 0, 50, 0, 0, 0, 50, 59.14881, 1.4505081, -539.91785)

[node name="BlackFence15" parent="walls" unique_id=69598305 instance=ExtResource("3_w7hem")]
transform = Transform3D(50, 0, 0, 0, 50, 0, 0, 0, 50, 233.71024, 1.4505081, -539.91785)

[node name="BlackFence16" parent="walls" unique_id=1412904548 instance=ExtResource("3_w7hem")]
transform = Transform3D(50, 0, 0, 0, 50, 0, 0, 0, 50, 405.91754, 1.4505081, -539.91785)

[node name="BlackFence17" parent="walls" unique_id=291362324 instance=ExtResource("3_w7hem")]
transform = Transform3D(0.058466434, 0, 49.999966, 0, 50, 0, -49.999966, 0, 0.058466434, -514.6442, 1.4505081, 379.67203)

[node name="BlackFence18" parent="walls" unique_id=1772187476 instance=ExtResource("3_w7hem")]
transform = Transform3D(0.058466434, 0, 49.999966, 0, 50, 0, -49.999966, 0, 0.058466434, -514.6442, 1.4505081, 203.81775)

[node name="BlackFence19" parent="walls" unique_id=1998576863 instance=ExtResource("3_w7hem")]
transform = Transform3D(0.058466434, 0, 49.999966, 0, 50, 0, -49.999966, 0, 0.058466434, -514.6442, 1.4505081, 29.962372)

[node name="BlackFence20" parent="walls" unique_id=743732822 instance=ExtResource("3_w7hem")]
transform = Transform3D(0.058466434, 0, 49.999966, 0, 50, 0, -49.999966, 0, 0.058466434, -514.6442, 1.4505081, -145.8919)

[node name="BlackFence21" parent="walls" unique_id=1374154247 instance=ExtResource("3_w7hem")]
transform = Transform3D(0.058466434, 0, 49.999966, 0, 50, 0, -49.999966, 0, 0.058466434, -514.6442, 1.4505081, -322.46942)

[node name="BlackFence22" parent="walls" unique_id=457837472 instance=ExtResource("3_w7hem")]
transform = Transform3D(0.03844404, 0, 50.01489, 0, 50, 0, -32.876995, 0, 0.058483887, -514.6442, 1.4505081, -456.7545)

[node name="inner walls2" type="Node3D" parent="." unique_id=988703234]

[node name="IronFence3" parent="inner walls2" unique_id=820099782 instance=ExtResource("4_bjkqv")]
transform = Transform3D(50, 0, 0, 0, 50, 0, 0, 0, 50, -98.50682, -1.1634789, -13.34314)

[node name="IronFence4" parent="inner walls2" unique_id=475452235 instance=ExtResource("4_bjkqv")]
transform = Transform3D(73.053246, 0, 0, 0, 50, 0, 0, 0, 50, 318.82217, -1.1634789, -107.58258)

[node name="IronFence6" parent="inner walls2" unique_id=968907724 instance=ExtResource("4_bjkqv")]
transform = Transform3D(0.013964534, 0, 50.000004, 0, 50.000008, 0, -50.000004, 0, 0.013964534, -189.02719, -1.1634789, -108.477325)

[node name="IronFence7" parent="inner walls2" unique_id=2036154858 instance=ExtResource("4_bjkqv")]
transform = Transform3D(0.34557438, 0, 49.99881, 0, 50.000008, 0, -49.99881, 0, 0.34557438, -392.63733, -1.1634789, -106.433784)

[node name="IronFence13" parent="inner walls2" unique_id=2102165232 instance=ExtResource("4_bjkqv")]
transform = Transform3D(50.04971, 0, 2.6531665, 0, 50.000008, 0, -2.6580303, 0, 49.958134, -289.47632, -1.1634789, -204.76013)

[node name="IronFence14" parent="inner walls2" unique_id=325720035 instance=ExtResource("4_bjkqv")]
transform = Transform3D(0.33335745, 0, 49.9989, 0, 50.000008, 0, -49.9989, 0, 0.33335745, -2.227005, 0.4623909, -102.78412)

[node name="IronFence15" parent="inner walls2" unique_id=1139616321 instance=ExtResource("4_bjkqv")]
transform = Transform3D(49.99988, 0, 0.11519265, 0, 50.000004, 0, -0.11519265, 0, 49.99988, 96.36186, 0.4623909, -204.56143)

[node name="IronFence10" parent="inner walls2" unique_id=1430804504 instance=ExtResource("4_bjkqv")]
transform = Transform3D(1.1143022, 0, 49.987583, 0, 50.000008, 0, -49.987583, 0, 1.1143022, 79.44895, -1.1634789, -205.83769)
visible = false

[node name="IronFence11" parent="inner walls2" unique_id=581522183 instance=ExtResource("4_bjkqv")]
transform = Transform3D(-0.48519206, 0, 49.99765, 0, 50.000008, 0, -49.99765, 0, -0.48519206, 269.4882, -1.1634789, -205.83769)
visible = false

[node name="IronFence12" parent="inner walls2" unique_id=692559710 instance=ExtResource("4_bjkqv")]
transform = Transform3D(50, 0, 0, 0, 50, 0, 0, 0, 50, 366.46448, -1.1634789, -302.7827)
visible = false

[node name="gates" type="Node3D" parent="." unique_id=163258798]

[node name="openGate" parent="gates" unique_id=196097088 instance=ExtResource("5_b0xmq")]
transform = Transform3D(50, 0, 0, 0, 50, 0, 0, 0, 50, 87.858765, 4, 53.301292)
visible = false

[node name="arch" parent="gates" unique_id=1199268744 instance=ExtResource("5_hcd6m")]
transform = Transform3D(25.375, 0, 0, 0, 25.375, 0, 0, 0, 25.375, -430.9315, 3.8781867, -5.220009)

[node name="arch2" parent="gates" unique_id=431317586 instance=ExtResource("5_hcd6m")]
transform = Transform3D(1.9268613, 0, -25.266634, 0, 25.34, 0, 25.266634, 0, 1.9268613, 187.73141, 3.8781867, -154.35966)

[node name="graves" type="Node3D" parent="." unique_id=837807592]

[node name="gravehead" parent="graves" unique_id=1347589895 instance=ExtResource("14_oupgs")]
transform = Transform3D(2.619892, 0, 29.885382, 0, 29.999998, 0, -29.885382, 0, 2.619892, -401, 6, 349.32925)

[node name="grave" parent="graves" unique_id=1240748282 instance=ExtResource("16_evnt5")]
transform = Transform3D(0.022339374, 0, 9.999976, 0, 10, 0, -9.999976, 0, 0.022339374, -300.23505, 58.295944, -160.37964)

[node name="grave2" parent="graves" unique_id=1929179971 instance=ExtResource("16_evnt5")]
transform = Transform3D(0.015637554, 0, 6.9999824, 0, 7, 0, -6.9999824, 0, 0.015637554, -209.93474, 58.295944, -88.50091)

[node name="grave3" parent="graves" unique_id=181176195 instance=ExtResource("16_evnt5")]
transform = Transform3D(0.015637554, 0, 6.9999824, 0, 7, 0, -6.9999824, 0, 0.015637554, -349.81873, 58.295944, -84.276245)

[node name="gravestone" parent="graves" unique_id=532415882 instance=ExtResource("6_2we64")]
transform = Transform3D(100, 0, 0, 0, 100, 0, 0, 0, 100, 377.5643, 35.715363, -416.84668)

[node name="coffin" parent="graves" unique_id=631693441 instance=ExtResource("13_nxo30")]
transform = Transform3D(-49.994194, 0, -0.7618103, 0, 50, 0, 0.7618103, 0, -49.994194, -92.86084, 3.7605152, -118.145935)

[node name="trees" type="Node3D" parent="." unique_id=812909565]

[node name="dead tree" parent="trees" unique_id=1045771465 instance=ExtResource("8_0gdtl")]
transform = Transform3D(20, 0, 0, 0, 20, 0, 0, 0, 20, -448.35727, 3.8295062, 431.5302)

[node name="dead tree2" parent="trees" unique_id=218627257 instance=ExtResource("8_0gdtl")]
transform = Transform3D(20, 0, 0, 0, 20, 0, 0, 0, 20, -448.35727, 3.8295062, -288.92657)

[node name="dead tree3" parent="trees" unique_id=677553215 instance=ExtResource("8_0gdtl")]
transform = Transform3D(20, 0, 0, 0, 20, 0, 0, 0, 20, 205.61551, 3.8295062, -80.03314)

[node name="dead tree4" parent="trees" unique_id=1084169051 instance=ExtResource("8_0gdtl")]
transform = Transform3D(20, 0, 0, 0, 20, 0, 0, 0, 20, 259.6296, 3.8295062, -482.84433)

[node name="glass" type="Node3D" parent="." unique_id=271300635]

[node name="glass3" parent="glass" unique_id=333151789 instance=ExtResource("9_jfy7d")]
transform = Transform3D(97.32364, 0, -86.18648, 0, 130, 0, 86.18648, 0, 97.32364, -166.29962, 7.362259, -138.58585)

[node name="glass6" parent="glass" unique_id=1265911172 instance=ExtResource("9_jfy7d")]
transform = Transform3D(97.32364, 0, -86.18648, 0, 130, 0, 86.18648, 0, 97.32364, 308.8554, 7.362259, 317.6576)

[node name="glass7" parent="glass" unique_id=332975573 instance=ExtResource("9_jfy7d")]
transform = Transform3D(97.32364, 0, -86.18648, 0, 130, 0, 86.18648, 0, 97.32364, -342.24152, 7.362259, 317.6576)

[node name="glass4" parent="glass" unique_id=1997974049 instance=ExtResource("9_jfy7d")]
transform = Transform3D(70.44734, 0, -62.38575, 0, 94.1, 0, 62.38575, 0, 70.44734, -145.04517, 7.362259, -86.226715)

[node name="blood" type="Node3D" parent="." unique_id=2018363711]

[node name="blood2" parent="blood" unique_id=774447268 instance=ExtResource("10_yyx0c")]
transform = Transform3D(70, 0, 0, 0, 70, 0, 0, 0, 70, 326.92297, 4.685395, -341.05545)

[node name="blood" parent="blood" unique_id=1292466182 instance=ExtResource("10_yyx0c")]
transform = Transform3D(40.17584, 0, 44.56345, 0, 59.999996, 0, -44.56345, 0, 40.17584, -172.23248, 4.1452794, -107.44472)

[node name="blood3" parent="blood" unique_id=2033023405 instance=ExtResource("10_yyx0c")]
transform = Transform3D(39.692844, 0, -4.947525, 0, 40, 0, 4.947525, 0, 39.692844, -396.6033, 5.640686, 358.3011)

[node name="blood4" parent="blood" unique_id=1662772188 instance=ExtResource("10_yyx0c")]
transform = Transform3D(39.692844, 0, -4.947525, 0, 40, 0, 4.947525, 0, 39.692844, 313.40518, 5.640686, 322.79755)

[node name="pillars" type="Node3D" parent="." unique_id=1921973168]

[node name="pillar4" parent="pillars" unique_id=1108001462 instance=ExtResource("15_48tvu")]
transform = Transform3D(72.05027, 0, 69.34522, 0, 100, 0, -69.34522, 0, 72.05027, -53.731583, 2.732629, -362.2431)

[node name="pillar5" parent="pillars" unique_id=1878565924 instance=ExtResource("15_48tvu")]
transform = Transform3D(99.90881, 0, -4.269512, 0, 100, 0, 4.269512, 0, 99.90881, -89.09999, 2.732629, 185.17285)

[node name="pillar3" parent="pillars" unique_id=875871644 instance=ExtResource("15_48tvu")]
transform = Transform3D(-3.2439966, 0, -99.94738, 0, 100.00003, 0, 99.94738, 0, -3.2439966, 324.94827, 1.5634091, 194.34303)

[node name="pillar" parent="pillars" unique_id=307718521 instance=ExtResource("15_48tvu")]
transform = Transform3D(4.9512157, 0, 99.87736, 0, 100, 0, -99.87736, 0, 4.9512157, -395.0339, 2.732629, 189.29616)

[node name="pick_ups" type="Node3D" parent="." unique_id=1224942801]
transform = Transform3D(10, 0, 0, 0, 10, 0, 0, 0, 10, 126.50746, 27.747581, 332.69684)

[node name="Medkit" parent="pick_ups" unique_id=1030489201 instance=ExtResource("19_2l77w")]
transform = Transform3D(0.2, 0, 0, 0, 0.2, 0, 0, 0, 0.2, -21.611874, 2.4411142, -50.27819)

[node name="Medkit2" parent="pick_ups" unique_id=1514666601 instance=ExtResource("19_2l77w")]
transform = Transform3D(0.2, 0, 0, 0, 0.2, 0, 0, 0, 0.2, 27.61493, 5.260005, -0.81230927)

[node name="bullets" parent="pick_ups" unique_id=1877117906 instance=ExtResource("20_n1g0a")]
transform = Transform3D(0.2, 0, 0, 0, 0.2, 0, 0, 0, 0.2, -42.260773, -0.33176494, -45.231728)

[node name="bullets2" parent="pick_ups" unique_id=1597494942 instance=ExtResource("20_n1g0a")]
transform = Transform3D(0.2, 0, 0, 0, 0.2, 0, 0, 0, 0.2, 26.530098, 0.539042, -69.54105)

[node name="Bullet projectile" parent="pick_ups" unique_id=26014183 instance=ExtResource("22_usehl")]
transform = Transform3D(0.7, 0, 0, 0, 0.7, 0, 0, 0, 0.7, -38.248035, 1.9859993, -71.35069)

[node name="enemies2" type="Node3D" parent="." unique_id=393060822]
transform = Transform3D(-48.19502, 0, 26.499811, 0, 54.999996, 0, -26.499811, 0, -48.19502, -80.32883, 5.06389, 59.956253)

[node name="enemy2" parent="enemies2" unique_id=1481929069 instance=ExtResource("14_od7ca")]
transform = Transform3D(1, 0, -2.9802322e-08, 0, 1, 0, 2.9802322e-08, 0, 1, 7.891262, 0, 1.1639229)

[node name="enemy" parent="enemies2" unique_id=1710723458 instance=ExtResource("14_od7ca")]
transform = Transform3D(1, 0, -5.9604645e-08, 0, 1, 0, 5.9604645e-08, 0, 1, 0.39136147, 0, 0.7117663)

[node name="enemy3" parent="enemies2" unique_id=876422717 instance=ExtResource("14_od7ca")]
transform = Transform3D(-0.0034383237, 0, -0.9999941, 0, 1, 0, 0.9999941, 0, -0.0034383237, -7.261673, 0, 3.9197536)

[node name="enemy4" parent="enemies2" unique_id=42156457 instance=ExtResource("14_od7ca")]
transform = Transform3D(0.7360145, 0, 0.6769659, 0, 0.9999999, 0, -0.6769659, 0, 0.7360145, 2.1971283, 0, 7.188034)

[node name="crypt" parent="." unique_id=24273877 instance=ExtResource("7_hcd6m")]
transform = Transform3D(0.15812668, 0, 29.999582, 0, 29.999998, 0, -29.999582, 0, 0.15812668, -367.28323, 4, -402.92813)

[node name="broken car" parent="." unique_id=1264891526 instance=ExtResource("12_42vdr")]
transform = Transform3D(-39.37239, 0, -7.057967, 0, 40, 0, 7.057967, 0, -39.37239, 385.90442, -2.5792205, 323.92337)

[node name="car2" parent="." unique_id=449204164 instance=ExtResource("17_kk34i")]
transform = Transform3D(-0.94875, 0.54776114, -0.63249993, -0.63250005, -1.095522, -2.5072834e-08, -0.547761, 0.31624997, 1.0955222, -356, 33.95883, 207)

[node name="tire" parent="." unique_id=1610745538 instance=ExtResource("18_oniui")]
transform = Transform3D(50, 0, 0, 0, 50, 0, 0, 0, 50, -399.90842, 2.2972455, 386.86807)

[node name="bike" parent="." unique_id=180699606 instance=ExtResource("22_oniui")]
transform = Transform3D(23.19767, -13.402937, 29.702349, 8.249827, 37.687683, 10.563098, -31.524727, -5.9604645e-07, 24.620956, -50.98662, 3.2018728, 210.92416)

[node name="pile bones" parent="." unique_id=253779605 instance=ExtResource("24_2l77w")]
transform = Transform3D(2, 0, 0, 0, 2, 0, 0, 0, 2, 84.9117, 17.635864, -145.70111)

[node name="pile bones2" parent="." unique_id=51710822 instance=ExtResource("24_2l77w")]
transform = Transform3D(0.5161044, 0, -1.2149224, 0, 1.32, 0, 1.2149224, 0, 0.5161044, 52.166885, 17.635864, -119.36154)
collision_layer = 1

[node name="pile bones3" parent="." unique_id=775013092 instance=ExtResource("24_2l77w")]
transform = Transform3D(0.5161044, 0, -1.2149224, 0, 1.32, 0, 1.2149224, 0, 0.5161044, -37.604324, 17.635864, 192.18008)
collision_layer = 1

[node name="pile bones4" parent="." unique_id=2084431494 instance=ExtResource("24_2l77w")]
transform = Transform3D(-0.11288807, 0, -1.315164, 0, 1.3199999, 0, 1.315164, 0, -0.11288807, -37.604324, 17.635864, 225.94662)
collision_layer = 1

[node name="Player" parent="." unique_id=279958562 instance=ExtResource("2_w7hem")]
transform = Transform3D(10, 0, 0, 0, 10, 0, 0, 0, 10, 126.50746, 27.747581, 332.69684)
JUMP_VELOCITY = 70.0
